-157
196
6
-77
-202
18
-69
-59
-182
211
33
98
96
79
225
267
78
233
-148
43
-151
56
-164
235
-202
-97
113
-154
-58
-174
-88
14
97
241
268
-6
-166
205
98
43
194
-84
-259
-149
-185
236
-137
-244
63
-114
265
-28
-197
-148
183
-32
73
-134
-159
-26
234
-231
97
298
-144
81
-90
73
22
256
-106
-115
-164
-133
180
253
-157
-191
85
-188
23
-10
71
-290
-280
-48
-63
178
68
-83
152
293
30
-220
-85
-221
-61
-199
47
-105
-94
-248
-183
258
-240
57
-137
255
-50
57
160
199
79
-122
-122
-201
69
-211
-60
-216
-207
-92
269
252
-140
20
287
-51
254
-235
-151
282
120
238
-103
-231
-237
-141
143
-182
230
95
-65
-42
52
158
-254
256
57
-101
-177
175
212
-7
81
-10
-19
-172
-109
31
-100
-118
-176
176
-31
-55
-139
-114
39
191
-75
-201
31
-185
59
-56
-105
-286
-234
-96
-104
-67
-27
258
176
212
-205
-52
57
86
-258
-204
3
-207
-166
124
168
102
-16
-42
148
256
-248
181
-36
-99
-125
247
-286
239
-127
-197
238
39
71
54
125
245
288
-88
-124
98
225
-234
-263
85
10
-121
-252
-74
60
-72
-13
-40
-260
287
-115
156
147
13
274
-279
-259
-1
-252
-282
-285
-169
-299
231
242
-10
272
-268
-150
-103
135
-86
-44
-238
150
47
-290
6
-237
-203
8
38
-152
-96
-269
-136
-223
205
-142
60
213
-213
141
-60
-65
67
-109
15
205
-26
-182
155
-248
-277
-9
-184
-291
-205
-99
86
-137
136
-270
57
253
-163
-14
-31
2
205
-110
-279
195
139
246
67
58
-47
-271
-274
-121
-55
185
36
162
-15
254
107
-155
21
152
6
149
-42
-200
-144
190
-179
-153
-259
-275
135
78
202
207
195
-202
-77
98
147
-286
-108
8
-132
117
-217
-205
-50
256
-286
-203
288
-159
-117
-187
172
-294
-257
300
-209
-59
-130
31
-3
-151
-202
148
193
99
-297
29
191
249
-141
-25
-261
219
-70
4
298
38
281
122
-96
174
-191
-109
-96
-60
-97
80
-22
-225
-154
215
-212
59
-175
-126
17
-123
-62
150
266
180
-65
269
124
63
164
-109
-40
87
103
160
86
294
118
-186
49
223
137
-115
297
125
295
-291
-197
-284
-2
98
-249
-94
-167
244
264
-45
89
-195
-165
102
58
-126
-157
-261
110
-268
191
90
210
87
-195
-111
-35
-101
185
-75
270
5
-275
-30
-160
205
132
-223
99
120
-208
259
-68
-131
18
5
178
-236
260
-209
-217
-138
163
-258
-238
-289
69
53
235
54
48
-221
-287
-50
278
-226
-41
226
-133
-254
-132
-228
-68
292
244
-186
85
-244
107
-269
63
208
297
106
208
-5
-46
-262
-257
59
126
-35
283
140
-65
-4
184
158
-64
91
161
126
17
224
20
202
124
-229
-217
92
296
193
-277
21
202
207
-248
10
34
261
178
38
224
183
-150
137
-53
266
39
-261
-169
153
16
180
71
224
-172
99
-249
86
204
-145
8
-56
230
2
84
197
187
18
231
210
92
-217
-147
-249
128
-40
-284
-89
90
153
-44
213
129
-204
-294
6
40
188
-142
200
-199
211
-212
-243
104
42
-130
-83
284
23
-92
295
-208
-176
75
-72
68
-89
-158
59
-25
-118
-56
-33
86
200
195
291
16
-24
-186
-94
270
67
-163
216
-49
267
-265
193
11
131
184
99
-147
124
7
-174
-299
-86
-268
111
-45
-80
-192
295
-219
127
-249
242
87
166
-70
47
212
261
-205
85
-111
219
-293
-39
-104
261
145
-79
79
279
-132
-13
-270
-86
-218
150
272
145
10
-298
249
218
-96
84
-102
140
-143
-164
33
-66
-214
-111
-36
148
159
-235
22
84
-213
-32
-113
-223
-175
10
-149
-98
233
84
116
-284
-173
-125
248
-116
-213
-254
-101
263
151
-236
0
28
-221
-183
-2
-71
219
-299
163
20
278
174
211
64
-183
-187
-9
241
206
85
-17
-275
-46
87
285
-200
74
-237
-161
-294
-108
-198
288
-134
-257
-17
-107
-74
-41
182
171
-99
-265
-101
6
87
-191
-242
-271
-73
-137
127
49
164
52
291
29
-33
123
-33
-177
68
-12
-188
126
-283
-210
131
-35
-273
82
-99
-155
-76
-64
-198
244
235
-155
233
239
-295
166
87
174
189
1
189
109
-237
137
-146
144
-133
30
-146
-180
-272
-231
217
-174
202
281
210
-234
258
1
300
135
284
-48
250
100
-67
-126
24
-163
-133
-169
-271
205
-42
187
-70
187
287
-122
168
-22
-29
-85
-179
-223
193
183
85
-285
-273
248
268
-34
282
-83
266
-55
42
-35
-18
-217
-201
-208
-209
295
160
216
-158
-180
269
4
86
-229
-202
-81
279
97
-14
-251
-125
-8
106
-127
239
149
-210
-96
-1
10
210
145
-198
134
-97
118
278
-264
-91
-74
-83
-38
-6
209
-45
191
-217
-34
-25
-45
131
-186
-263
261
-198
-23
-138
74
-151
-161
254
123
-29
-2
99
-117
256
-31
-119
-139
204
210
297
-272
52
221
-205
-85
-249
-184
241
-199
111
251
62
-121
-193
-283
166
144
-70
-33
-9
-144
140
-289
-63
103
-158
-227
97
54
32
-286
31
169
41
-228
263
64
18
-75
142
-280
285
-37
25
-250
-263
206
-126
76
-170
-246
-38
134
-179
-273
270
-236
-130
-203
-218
43
22
-293
136
129
-44
-39
103
-179
-256
201
-68
289
-103
-44
-216
173
22
193
6
230
113
-137
-227
108
-255
-286
254
231
80
14
-46
-140
285
-116
269
105
-272
207
-170
104
123
39
-294
-56
5
-22
157
87
-74
-177
-208
267
262
-118
112
90
-131
-17
185
222
-78
-87
168
52
152
-67
183
247
-33
34
80
242
271
-261
-206
231
57
-67
106
-126
-230
-133
-83
-273
-211
-134
209
-100
-26
-25
183
-201
178
76
-41
-78
210
19
-157
-98
-49
147
251
227
63
-282
248
138
25
-233
116
-84
-18
229
-129
119
-243
-211
-181
3
2
119
-108
-179
-18
-221
252
-79
-4
226
-261
138
-274
187
134
-242
-203
-253
-24
260
26
-264
-156
-287
51
274
189
-57
-200
229
-276
-11
259
-112
41
-52
-194
33
205
-156
-80
34
-83
-160
157
-44
119
228
-169
274
-37
210
-51
-205
-54
138
118
42
-15
-144
270
-210
-208
-248
-47
-286
179
36
222
99
85
4
-142
112
27
46
100
285
110
-56
-154
-154
139
195
-120
-264
-32
93
-231
-257
40
26
8
128
268
0
-176
-34
44
-152